image_name,ground_truth,prediction,exact_match,character_accuracy,inference_time_seconds,memory_used_mb,timestamp,levenshtein_distance,prediction_length,ground_truth_length,length_difference,prediction_clean,ground_truth_clean,word_error_rate,token_accuracy,latex_command_accuracy,structural_similarity,semantic_similarity,bleu_score,jaccard_similarity,total_time_seconds,final_memory_mb,cpu_usage_before,cpu_usage_after,cpu_usage_delta,device,system_info,system_memory_usage
01650d074915628e.png,i_{Q}:Q\hookrightarrow E,i_{Q}:Q\hookrightarrow E,1,1.0,11.351787567138672,2102.20703125,2025-09-17T17:14:18.934615,0,24,24,0,i_{Q}:Q\hookrightarrow E,i_{Q}:Q\hookrightarrow E,0.0,1.0,1.0,1.0,1.0,1.0,1.0,11.352784156799316,2452.296875,0.0,216.8,216.8,CPU,"{'cpu_count': 8, 'total_memory_mb': 16118.78515625}","{'percent': 87.4, 'available_mb': 2029.6171875, 'used_mb': 14089.16796875}"
04fc9a7665035a0d.png,"a_{b,i}=\gamma_{b,i}\frac{b_{i}}{b^{\ominus}}","a_{b,i}=\gamma_{b,i}\frac{b_{i}}{b^{\ominus}}",1,1.0,11.113887071609497,33.52734375,2025-09-17T17:14:30.048502,0,45,45,0,"a_{b,i}=\gamma_{b,i}\frac{b_{i}}{b^{\ominus}}","a_{b,i}=\gamma_{b,i}\frac{b_{i}}{b^{\ominus}}",0.0,1.0,1.0,1.0,1.0,1.0,1.0,11.113887071609497,2485.875,0.0,394.9,394.9,CPU,"{'cpu_count': 8, 'total_memory_mb': 16118.78515625}","{'percent': 87.3, 'available_mb': 2045.51171875, 'used_mb': 14073.2734375}"
05882db6930f636c.png,\Rightarrow ln\frac{x(t)}{x(0)}=kt,\Rightarrow ln\frac{x(t)}{x(0)}=kt,1,1.0,8.969909906387329,4.265625,2025-09-17T17:14:39.020416,0,34,34,0,\Rightarrow ln\frac{x(t)}{x(0)}=kt,\Rightarrow ln\frac{x(t)}{x(0)}=kt,0.0,1.0,1.0,1.0,1.0,1.0,1.0,8.969909906387329,2490.140625,0.0,356.3,356.3,CPU,"{'cpu_count': 8, 'total_memory_mb': 16118.78515625}","{'percent': 88.0, 'available_mb': 1932.9765625, 'used_mb': 14185.80859375}"
038ccb46ae3443db.png,\mathbb{E}[logX!]=\overline{logX!},\mathbb{E}[logX!]=\overline{logX!},1,1.0,8.44018292427063,0.15625,2025-09-17T17:14:47.460599,0,34,34,0,\mathbb{E}[logX!]=\overline{logX!},\mathbb{E}[logX!]=\overline{logX!},0.0,1.0,1.0,1.0,1.0,1.0,1.0,8.44018292427063,2490.296875,0.0,390.2,390.2,CPU,"{'cpu_count': 8, 'total_memory_mb': 16118.78515625}","{'percent': 86.5, 'available_mb': 2178.25, 'used_mb': 13940.53515625}"
04852f06a82865c1.png,\frac{\partial\Pi}{\partial x_{j}},\frac{\partial\Pi}{\partial x_{j}},1,1.0,6.046199321746826,0.734375,2025-09-17T17:14:53.508798,0,34,34,0,\frac{\partial\Pi}{\partial x_{j}},\frac{\partial\Pi}{\partial x_{j}},0.0,1.0,1.0,1.0,1.0,1.0,1.0,6.047199487686157,2491.03125,0.0,395.1,395.1,CPU,"{'cpu_count': 8, 'total_memory_mb': 16118.78515625}","{'percent': 86.5, 'available_mb': 2173.32421875, 'used_mb': 13945.4609375}"
0368471ca4fbe892.png,R_{U}\in R_{U}\iff R_{U}\notin R_{U},R_{U}\in R_{U}\iff R_{U}\notin R_{U},1,1.0,8.213545560836792,-0.6171875,2025-09-17T17:15:01.722344,0,36,36,0,R_{U}\in R_{U}\iff R_{U}\notin R_{U},R_{U}\in R_{U}\iff R_{U}\notin R_{U},0.0,1.0,1.0,1.0,1.0,1.0,1.0,8.213545560836792,2490.4140625,0.0,394.3,394.3,CPU,"{'cpu_count': 8, 'total_memory_mb': 16118.78515625}","{'percent': 86.6, 'available_mb': 2164.8046875, 'used_mb': 13953.98046875}"
04026cefc5bee356.png,"(0,1)^{n}\subseteq R^{n}","(0,1)^{n}\subseteq R^{n}",1,1.0,7.12839412689209,1.50390625,2025-09-17T17:15:08.851739,0,24,24,0,"(0,1)^{n}\subseteq R^{n}","(0,1)^{n}\subseteq R^{n}",0.0,1.0,1.0,1.0,1.0,1.0,1.0,7.12839412689209,2491.91796875,0.0,390.6,390.6,CPU,"{'cpu_count': 8, 'total_memory_mb': 16118.78515625}","{'percent': 86.5, 'available_mb': 2175.46875, 'used_mb': 13943.31640625}"
06b2711e539715e0.png,\Leftrightarrow1-\frac{1}{r}<\left[\frac{m}{r}\right]_{1},\Leftrightarrow1-\frac{1}{r}<\lfloor\frac{m}{r}\rfloor,0,0.7407407407407407,11.093351602554321,-0.38671875,2025-09-17T17:15:19.961012,14,54,46,8,\Leftrightarrow1-\frac{1}{r}<\lfloor\frac{m}{r}\rfloor,\Leftrightarrow1-\frac{1}{r}<[\frac{m}{r}]_{1},1.0,0.0,0.6666666666666666,0.6666666666666667,0.6666666666666666,0.0,0.8260869565217391,11.093351602554321,2491.53125,0.0,395.3,395.3,CPU,"{'cpu_count': 8, 'total_memory_mb': 16118.78515625}","{'percent': 86.4, 'available_mb': 2185.92578125, 'used_mb': 13932.859375}"
0656e77f512563c5.png,"\hat{A}_{n,\alpha}^{\dagger}","\hat{A}_{n,\alpha}^{\dagger}",1,1.0,7.27978777885437,0.57421875,2025-09-17T17:15:27.240800,0,28,28,0,"\hat{A}_{n,\alpha}^{\dagger}","\hat{A}_{n,\alpha}^{\dagger}",0.0,1.0,1.0,1.0,1.0,1.0,1.0,7.27978777885437,2492.109375,0.0,395.5,395.5,CPU,"{'cpu_count': 8, 'total_memory_mb': 16118.78515625}","{'percent': 86.5, 'available_mb': 2168.96484375, 'used_mb': 13949.8203125}"
067a327b0c92095f.png,\underline{x}\in\mathbb{R}^{n},\underline{x}\in\mathbb{R},0,0.8666666666666667,6.388579845428467,0.14453125,2025-09-17T17:15:33.631383,4,26,30,4,\underline{x}\in\mathbb{R},\underline{x}\in\mathbb{R}^{n},1.0,0.0,1.0,0.6666666666666667,1.0,0.0,0.9444444444444444,6.388579845428467,2492.25390625,0.0,394.9,394.9,CPU,"{'cpu_count': 8, 'total_memory_mb': 16118.78515625}","{'percent': 86.6, 'available_mb': 2160.55859375, 'used_mb': 13958.2265625}"
0050464363a7d02d.png,q=\frac{1}{\sqrt{1\cdot\frac{v^{5}}{c^{5}}}}\xi,q=\frac{1}{\sqrt{1\cdot\frac{v^{5}}{c^{5}}}}\xi,1,1.0,12.706286668777466,-0.58203125,2025-09-17T17:15:46.337670,0,47,47,0,q=\frac{1}{\sqrt{1\cdot\frac{v^{5}}{c^{5}}}}\xi,q=\frac{1}{\sqrt{1\cdot\frac{v^{5}}{c^{5}}}}\xi,0.0,1.0,1.0,1.0,1.0,1.0,1.0,12.706286668777466,2491.671875,0.0,386.1,386.1,CPU,"{'cpu_count': 8, 'total_memory_mb': 16118.78515625}","{'percent': 87.2, 'available_mb': 2055.66015625, 'used_mb': 14063.125}"
01751ea13ceb1817.png,C(X)>X^{0.332},C(X)>X^{0.332},1,1.0,5.786355495452881,0.78515625,2025-09-17T17:15:52.124025,0,14,14,0,C(X)>X^{0.332},C(X)>X^{0.332},0.0,1.0,1.0,1.0,1.0,1.0,1.0,5.786355495452881,2492.45703125,0.0,389.9,389.9,CPU,"{'cpu_count': 8, 'total_memory_mb': 16118.78515625}","{'percent': 87.3, 'available_mb': 2048.43359375, 'used_mb': 14070.3515625}"
04fc707abea3e7a1.png,B=\nabla\times\hat{A},B=\nabla\times\hat{A},1,1.0,6.989993572235107,0.07421875,2025-09-17T17:15:59.115375,0,21,21,0,B=\nabla\times\hat{A},B=\nabla\times\hat{A},0.0,1.0,1.0,1.0,1.0,1.0,1.0,6.989993572235107,2492.53125,0.0,385.7,385.7,CPU,"{'cpu_count': 8, 'total_memory_mb': 16118.78515625}","{'percent': 87.2, 'available_mb': 2058.78125, 'used_mb': 14060.00390625}"
025f579aa67dfd7c.png,\{A_{i}|i\in\underline{m}\backslash A\},\{A_{i}|i\in\underline{m}\backslash A\},1,1.0,9.598947763442993,-0.54296875,2025-09-17T17:16:08.716235,0,39,39,0,\{A_{i}|i\in\underline{m}\backslash A\},\{A_{i}|i\in\underline{m}\backslash A\},0.0,1.0,1.0,1.0,1.0,1.0,1.0,9.598947763442993,2491.98828125,0.0,393.7,393.7,CPU,"{'cpu_count': 8, 'total_memory_mb': 16118.78515625}","{'percent': 87.1, 'available_mb': 2075.13671875, 'used_mb': 14043.6484375}"
05fa73b7807336c8.png,\frac{d}{dt}\frac{\partial R}{\partial\dot{\zeta}_{j}}=\frac{\partial R}{\partial\zeta_{j}},\frac{d}{dt}\frac{\partial R}{\partial\dot{\zeta}_{j}}=\frac{\partial R}{\partial\zeta_{j}},1,1.0,15.622101306915283,0.94921875,2025-09-17T17:16:24.338337,0,91,91,0,\frac{d}{dt}\frac{\partial R}{\partial\dot{\zeta}_{j}}=\frac{\partial R}{\partial\zeta_{j}},\frac{d}{dt}\frac{\partial R}{\partial\dot{\zeta}_{j}}=\frac{\partial R}{\partial\zeta_{j}},0.0,1.0,1.0,1.0,1.0,1.0,1.0,15.622101306915283,2492.9375,0.0,393.3,393.3,CPU,"{'cpu_count': 8, 'total_memory_mb': 16118.78515625}","{'percent': 87.2, 'available_mb': 2058.57421875, 'used_mb': 14060.2109375}"
